road squares: 98
road list: [2582,2583,2584,2587,2592,2669,2672,2677,2750,2754,2755,2756,2757,2758,2759,2760,2761,2762,2835,2847,2920,2921,2922,2932,3002,3007,3011,3012,3013,3014,3017,3018,3019,3087,3092,3093,3094,3095,3096,3097,3098,3099,3104,3170,3171,3172,3173,3174,3175,3176,3177,3178,3179,3180,3181,3182,3183,3184,3185,3189,3257,3262,3263,3267,3270,3274,3342,3347,3348,3352,3355,3356,3357,3358,3359,3430,3431,3432,3433,3434,3515,3519,3600,3604,3605,3606,3607,3608,3609,3610,3611,3612,3613,3614,3692,3697,3777,3782]
degrees: [[2582,1],[2583,2],[2584,2],[2587,1],[2592,1],[2669,2],[2672,2],[2677,2],[2750,1],[2754,2],[2755,2],[2756,2],[2757,3],[2758,2],[2759,2],[2760,2],[2761,2],[2762,3],[2835,2],[2847,2],[2920,2],[2921,2],[2922,2],[2932,2],[3002,1],[3007,2],[3011,2],[3012,3],[3013,3],[3014,2],[3017,2],[3018,2],[3019,2],[3087,2],[3092,3],[3093,3],[3094,3],[3095,3],[3096,4],[3097,4],[3098,4],[3099,3],[3104,2],[3170,1],[3171,2],[3172,4],[3173,2],[3174,2],[3175,2],[3176,2],[3177,4],[3178,4],[3179,3],[3180,3],[3181,3],[3182,4],[3183,3],[3184,3],[3185,2],[3189,2],[3257,2],[3262,3],[3263,3],[3267,2],[3270,2],[3274,2],[3342,1],[3347,3],[3348,3],[3352,1],[3355,2],[3356,2],[3357,2],[3358,2],[3359,2],[3430,2],[3431,2],[3432,3],[3433,3],[3434,2],[3515,2],[3519,2],[3600,1],[3604,2],[3605,2],[3606,2],[3607,3],[3608,2],[3609,2],[3610,2],[3611,2],[3612,3],[3613,2],[3614,1],[3692,2],[3697,2],[3777,1],[3782,1]]
components: [98]
tiles with roads: [[108,10],[109,7],[110,7],[124,9],[125,13],[126,16],[127,13],[142,9],[143,7],[144,7]]
house13 index 2841 zone [2842,2926,2927,2841]
resto entrances p0 [3696]
resto entrances p1 [2671]
player 2 restaurants [{"index":3695,"rotation":0,"open":true}] coffeeShops [3518]
player 1 restaurants [{"index":2585,"rotation":1,"open":true}] coffeeShops []
newRoads [{"index":3093,"variety":1,"rotation":0,"turnAdded":2},{"index":3011,"variety":2,"rotation":1,"turnAdded":2},{"index":3013,"variety":0,"rotation":1,"turnAdded":2},{"index":3014,"variety":0,"rotation":1,"turnAdded":2},{"index":3263,"variety":0,"rotation":1,"turnAdded":2}]
coords at 3696 142 3695 142 3697 1
road squares: 98
road list: [2582,2583,2584,2587,2592,2669,2672,2677,2750,2754,2755,2756,2757,2758,2759,2760,2761,2762,2835,2847,2920,2921,2922,2932,3002,3007,3011,3012,3013,3014,3017,3018,3019,3087,3092,3093,3094,3095,3096,3097,3098,3099,3104,3170,3171,3172,3173,3174,3175,3176,3177,3178,3179,3180,3181,3182,3183,3184,3185,3189,3257,3262,3263,3267,3270,3274,3342,3347,3348,3352,3355,3356,3357,3358,3359,3430,3431,3432,3433,3434,3515,3519,3600,3604,3605,3606,3607,3608,3609,3610,3611,3612,3613,3614,3692,3697,3777,3782]
degrees: [[2582,1],[2583,2],[2584,2],[2587,1],[2592,1],[2669,2],[2672,2],[2677,2],[2750,1],[2754,2],[2755,2],[2756,2],[2757,3],[2758,2],[2759,2],[2760,2],[2761,2],[2762,3],[2835,2],[2847,2],[2920,2],[2921,2],[2922,2],[2932,2],[3002,1],[3007,2],[3011,2],[3012,3],[3013,3],[3014,2],[3017,2],[3018,2],[3019,2],[3087,2],[3092,3],[3093,3],[3094,3],[3095,3],[3096,4],[3097,4],[3098,4],[3099,3],[3104,2],[3170,1],[3171,2],[3172,4],[3173,2],[3174,2],[3175,2],[3176,2],[3177,4],[3178,4],[3179,3],[3180,3],[3181,3],[3182,4],[3183,3],[3184,3],[3185,2],[3189,2],[3257,2],[3262,3],[3263,3],[3267,2],[3270,2],[3274,2],[3342,1],[3347,3],[3348,3],[3352,1],[3355,2],[3356,2],[3357,2],[3358,2],[3359,2],[3430,2],[3431,2],[3432,3],[3433,3],[3434,2],[3515,2],[3519,2],[3600,1],[3604,2],[3605,2],[3606,2],[3607,3],[3608,2],[3609,2],[3610,2],[3611,2],[3612,3],[3613,2],[3614,1],[3692,2],[3697,2],[3777,1],[3782,1]]
components: [98]
tiles with roads: [[108,10],[109,7],[110,7],[124,9],[125,13],[126,16],[127,13],[142,9],[143,7],[144,7]]
house13 index 2841 zone [2842,2926,2927,2841]
resto entrances p0 [3696]
resto entrances p1 [2671]
player 2 restaurants [{"index":3695,"rotation":0,"open":true}] coffeeShops [3518]
player 1 restaurants [{"index":2585,"rotation":1,"open":true}] coffeeShops []
newRoads [{"index":3093,"variety":1,"rotation":0,"turnAdded":2},{"index":3011,"variety":2,"rotation":1,"turnAdded":2},{"index":3013,"variety":0,"rotation":1,"turnAdded":2},{"index":3014,"variety":0,"rotation":1,"turnAdded":2},{"index":3263,"variety":0,"rotation":1,"turnAdded":2}]
coords at 3696 142 3695 142 3697 1
